-2.095178409162431754e-01 nan nan 5.838057442681408027e-01 nan -3.829467487575154205e+00 -5.177035152354768632e-01 nan -1.050448881657976008e+00 nan 8.738990662645809149e-01 nan 7.346596054344548543e-01 nan nan 6.370270281999831363e-01 nan 1.226190602779155592e+00 1.540430905437390752e-01 nan 9.084578685373848606e-01 nan nan 1.230116128350091376e-01 nan 2.197678454649643065e+00 1.969017783714125835e+00 nan nan 1.426076872272846741e+00
nan -2.039545337992575980e-01 4.823448393295424186e-01 nan nan -1.201491966812911816e+00 nan -5.624669637609906042e-02 nan -1.920655237203760413e+00 1.480460022270870368e+00 nan 2.040672664665824088e-01 nan -5.230006224379204482e-01 nan nan 3.654307677418160427e-01 -6.898389549130484744e-01 nan 1.690621629584897700e+00 nan 1.502891082844230564e+00 nan nan -9.767936332674819200e-01 -8.071493903015062310e-01 nan nan -1.335177736118936975e+00
nan 8.442837531514603144e-01 nan 1.855836624129752810e+00 -9.654506886201115190e-01 nan 5.024446629386363217e-01 nan 1.157124017385072534e+00 nan nan 5.294600943682428035e-02 9.788477720368409310e-03 nan -2.443497480446610304e-01 nan -7.044138310805894143e-01 nan nan 3.904324861311503359e-01 1.476312053341642283e+00 nan nan 7.022592801651726946e-01 nan 4.147544353928827032e-01 7.022592801651726946e-01 nan 1.020076232786200965e+00 nan
nan -1.291028867600495955e+00 -1.990607163826793591e-01 nan nan 2.086437527226271627e+00 nan -5.534808798683260589e-01 nan 5.011781191739732577e-01 nan -3.137702944766244118e-01 nan -6.728774829150333536e-01 1.853374581180350367e+00 nan -1.007809475479267414e-01 nan 1.736878938415867379e+00 nan -8.071493903015062310e-01 nan -6.151411045959734869e-01 nan nan 2.308361814666641809e+00 1.146113356602587174e+00 nan nan 2.697177092015646149e+00
nan 2.285597404028739899e+00 6.687284884456682343e-01 nan nan -1.005025684617661730e+00 nan -1.782656458744276973e-01 nan -1.263381767931222921e+00 3.696611446249630784e-01 nan 5.089949455513446130e-01 nan nan -1.539726601024930863e+00 nan -7.755474384835311930e-02 -1.950647877741718217e+00 nan 1.589763554388957001e+00 nan 1.559487170016548907e+00 nan nan -5.261086738623157316e-02 nan 1.065359478062195109e+00 1.851047791744395987e-01 nan
-2.067002528091914204e+00 nan 4.644450304403035523e-01 nan -1.211414311647800002e+00 nan nan -1.060669279109655250e+00 -2.112452823017858458e-02 nan -6.415183075102079968e-01 nan nan -8.081484494102038063e-01 nan -1.491970160258125622e-02 1.918475718997944834e-01 nan 2.450436678665376400e-01 nan nan -8.952950781989258422e-01 -4.052215234818359879e-01 nan nan 5.836726678985016958e-01 1.761961311441198608e-01 nan nan 1.080947922492341506e+00
nan -1.268361573365658801e+00 nan -2.171236601355387708e-01 -3.309351090360688197e-01 nan -2.168072790085728285e-01 nan nan -1.645305055154220319e+00 4.325830836727879158e-01 nan nan 1.998213550442888287e-01 -2.850602916882443230e-02 nan -1.465225930140423016e-01 nan nan -7.854351973896531725e-01 9.767936332674819200e-01 nan nan 3.117312779400897571e-01 nan -4.052215234818359879e-01 nan 1.673014451089970822e-01 1.584199757969934896e-01 nan
1.301181987085074265e+00 nan nan -1.091735428080495174e+00 nan -1.417350558975430497e+00 8.683232044582422926e-01 nan nan -2.593649454409913124e-01 nan 2.298161520592084950e-01 nan -4.166717191803099851e-01 nan -5.290570019399642998e-01 nan 1.594000870863926111e-01 -3.191496367700592529e-01 nan nan 1.318475250370310103e-01 -1.230116128350091376e-01 nan 1.402254839615459714e+00 nan -7.135192986004638138e-01 nan nan 8.952950781989258422e-01
nan 1.191677260710355846e+00 3.151397012247641460e-01 nan -2.520463175303116476e-01 nan -3.882964231200409788e-01 nan nan -6.130310887982365342e-01 -7.292176487584144974e-03 nan nan -1.010133227209174756e+00 nan 4.296699169429826215e-01 nan 6.715071664838997423e-01 nan 1.741056763965209142e-01 nan 3.580849783222179727e-01 nan -8.441217075939911885e-01 1.859635854969836855e+00 nan nan 7.478585947633026310e-01 1.911471188287491518e+00 nan
-1.201668614166483184e+00 nan 1.639921535128741503e+00 nan -7.064533144652109797e-01 nan 1.977754290299519879e-01 nan nan -2.323404394503218451e-01 -4.897711489796335860e-01 nan -9.495753924251369715e-02 nan nan 1.556164771668261171e+00 nan 2.913788987436148337e-01 1.981260303336631612e-01 nan -5.527719466547457161e-01 nan -3.394566690838198841e-01 nan 1.379203017972418621e+00 nan nan 4.924834449303662209e-01 8.694237732888860926e-01 nan
-4.491966504931371174e-01 nan nan 6.787668893138680548e-02 -6.898079565153486525e-02 nan -3.657662311424338952e-01 nan nan 1.331788499363992129e+00 nan 5.575102082214594690e-01 -6.441203286893764091e-01 nan -3.024861852427468412e-01 nan -1.099590994209239225e+00 nan nan -3.386552328926263900e-01 nan 7.022592801651726946e-01 nan -1.851047791744395987e-01 nan -1.293598341034132293e+00 nan -9.767936332674819200e-01 nan -1.254142514642850870e+00
-9.449566329766770911e-01 nan -1.093278592228245083e+00 nan nan 5.909647086556036460e-02 5.152709769445065202e-01 nan nan -1.506260377088544544e+00 5.981253628360433394e-01 nan nan 2.748097713190035263e-01 1.551895065691796805e-01 nan -3.022309461575338752e-01 nan nan -2.313110246684237092e-01 nan -4.243251892305502371e-01 4.630107755315606699e-01 nan nan -1.141852943214283767e-01 -5.940965287803992023e-01 nan 3.209454262394436652e-01 nan
-2.056230874041702350e+00 nan nan -1.939652188810494060e+00 -2.167541521779929869e+00 nan -6.864614985162332816e-01 nan nan 1.080444918099300544e+00 nan 4.934879375483046671e-01 2.851423526422131594e-01 nan -3.527817890035236936e-01 nan -7.430268234991992404e-01 nan nan -1.041037602838700421e-01 1.198379702306924699e+00 nan 1.450736861810611789e+00 nan 1.851047791744395987e-01 nan nan 1.235127068367965819e+00 nan 1.356861648142504206e+00
2.166495632107720559e-01 nan nan 1.874885310453547893e+00 -5.266563773589048036e-01 nan -2.082524595009910051e+00 nan nan 8.438832399082060176e-01 nan 2.758736422642670272e-01 -1.504191306858017607e-01 nan -6.331309388037436037e-01 nan -9.554369039802610430e-01 nan nan -5.969950520104462255e-01 nan 8.822856073460634274e-01 nan -2.298841175792321889e-01 nan -5.223903099543204531e-01 -6.045853465832371487e-01 nan 3.394566690838197176e-01 nan
nan 1.414435754798356870e-01 -1.096384712327058697e+00 nan -1.852791826937008057e+00 nan nan -1.506309975471626483e+00 nan -1.700144455238051799e+00 -5.954007094278449541e-01 nan nan -1.389343839259782554e+00 6.450476117541175114e-01 nan 1.764955212808353435e-01 nan -1.386058867945967332e-01 nan -1.761961311441199995e-01 nan 7.896188835266675088e-02 nan nan 1.690621629584897700e+00 nan 3.862646212327299766e-01 1.020076232786200965e+00 nan
nan -1.461243754250620031e+00 1.842190155030128951e+00 nan -5.158290287550909570e-01 nan -8.299156616065609393e-01 nan nan -6.671888862991923741e-01 nan 1.659194932310358528e+00 nan -1.466069935099520771e+00 nan 7.782750937993874185e-01 3.949169981710102806e-01 nan nan 1.671667363841288889e+00 nan 1.621571612947527496e+00 nan -4.339349704164829347e-01 1.080947922492341506e+00 nan 3.025435205640795155e-01 nan nan 4.243251892305502371e-01
-7.067923676774455766e-01 nan -1.561764523530564594e-02 nan -4.381382066933408592e-01 nan 9.501457473024753630e-01 nan -1.007732726943834756e+00 nan -6.718851493990429802e-01 nan -6.064429924484684431e-01 nan nan -1.268058980051403495e+00 nan 8.512672974380811053e-02 -4.228314364210974396e-01 nan 9.655861528963907703e-02 nan nan -4.052215234818359879e-01 nan -1.146113356602587174e+00 -9.627672574310048859e-01 nan nan -1.005439402555054595e+00
nan -4.750872039832223503e-01 nan 2.277310486434949155e+00 -4.981264758768521039e-01 nan -3.051100393509515452e-01 nan nan 1.280573829657717655e-01 nan 6.542016813894339089e-01 3.562966079338379943e-01 nan 3.498873747159530478e-01 nan nan 3.253312485117479946e-01 5.997781746649840512e-02 nan 4.924834449303662209e-01 nan 6.151411045959737089e-01 nan 1.273622588863824623e+00 nan nan 1.020076232786200965e+00 nan 8.071493903015062310e-01
3.311052502873625403e-01 nan nan -8.058176148095844704e-01 nan -1.952474702246876359e-01 -1.502093502418104132e+00 nan -6.423742771994814804e-01 nan 1.738012536951058395e+00 nan 7.413703218621821023e-01 nan nan -3.263644175676827519e-01 1.583648908219119633e-01 nan -1.925976433325534143e-01 nan nan 4.532765029124916079e-01 1.379203017972418621e+00 nan nan -4.826128838172200064e-01 nan 7.950688960168040831e-01 -5.223903099543204531e-01 nan
-6.332145568148330739e-01 nan -1.506565050718160270e+00 nan -2.740185570089477829e-01 nan 7.460388598882489175e-01 nan 1.327424514099304398e+00 nan nan -5.889226481656094636e-01 nan -2.569579566350651767e+00 -1.549516769491551815e-01 nan -1.169051026206445298e+00 nan -1.774360255776353534e-01 nan nan -1.034934929753373645e+00 -2.479206474252085013e-01 nan nan -9.084578685373850826e-01 -1.050025707097074656e+00 nan nan -1.180598555463905797e+00
1.646563677337813836e+00 nan 1.424891821134409986e-01 nan -2.927310966928158703e-02 nan nan -3.882325508272598813e-01 -2.792989288057632358e-01 nan -3.001471234533940047e-01 nan nan -7.704371337919867502e-01 -5.287249183239569605e-01 nan -9.078205260161388290e-01 nan nan -4.166130275297799113e-01 -3.768383939446658948e-01 nan nan -8.316714753780534153e-01 nan -1.851047791744395987e-01 -1.402254839615460824e+00 nan nan 8.775685507403652164e-02
nan -2.666336739995433525e-01 nan 1.789869188663626431e+00 -1.323850468172833139e+00 nan -1.143914640183899323e+00 nan -1.102698044934648403e+00 nan -1.154255463229659551e+00 nan -2.541850192603122949e+00 nan 1.665247662954292551e-01 nan -9.841497892540620462e-01 nan -2.753166006839440350e+00 nan nan -1.589763554388956557e+00 -1.273622588863825289e+00 nan 4.727891209922672200e-01 nan -1.690621629584897700e+00 nan nan 1.851047791744395987e-01
-9.299586175022346302e-01 nan -4.342221240313888786e-01 nan nan -1.449907998296743994e+00 8.760210033574574728e-01 nan nan -3.995699334332610819e-01 2.382488462607515456e-02 nan nan -7.981762053791806588e-01 nan 3.803984153050288253e-01 nan 1.905937556645186604e+00 9.108843251797318352e-01 nan nan -1.080947922492341506e+00 nan -3.674455324179812243e-01 7.478585947633026310e-01 nan nan 8.694237732888860926e-01 nan 3.768383939446658948e-01
-1.007353716888724354e-01 nan 1.164368045262406948e-01 nan nan -1.298593367357172290e-01 -5.659353887810897321e-01 nan nan -2.443322659629815208e-02 nan 1.432796177894431366e+00 5.834482097603064243e-01 nan 6.750812992878711671e-03 nan -4.984174735583906113e-01 nan -2.668552527797143359e-01 nan 1.859635854969836855e+00 nan nan 1.235127068367965819e+00 2.629633390582928817e-02 nan nan 5.527719466547457161e-01 6.138957951698115201e-02 nan
nan -4.810378385929954814e-01 1.242037888974701243e+00 nan -5.009859235749684059e-01 nan nan -1.281120206652373916e+00 nan 7.992567833293656721e-01 1.393875201957628374e+00 nan nan 5.375442136318906439e-01 4.475101142157646983e-01 nan nan 6.815288872852022228e-01 3.722982614642381671e-01 nan nan 2.479206474252083625e-01 6.800015230981498737e-01 nan nan 2.119220701203303747e-01 7.896188835266675088e-02 nan nan -4.243251892305502371e-01
nan -3.351396879685954122e+00 nan 1.990992589660281809e+00 -8.386145037979797490e-01 nan nan 7.426835940935427871e-02 nan 2.655733685783956965e-01 6.570733010483582603e-01 nan 2.984014575249187562e-01 nan nan -3.339776885305764664e-01 nan 1.124733483536084488e+00 1.810257489232663941e-01 nan nan -7.712488561909458529e-01 8.822856073460634274e-01 nan nan 1.621571612947527496e+00 1.020076232786200965e+00 nan 2.697177092015646149e+00 nan
nan 6.745582392139651828e-01 nan 1.072774449877455183e+00 -2.463374771321571455e-01 nan 5.188210990698003400e-01 nan nan 1.100668088245861487e+00 -4.228806873645788444e-01 nan nan -6.910117850126755723e-01 nan 6.983823443480537962e-01 8.508127763597389537e-02 nan 8.260249954714241061e-02 nan nan 2.933812321211934360e-01 nan -4.727891209922673865e-01 nan 8.952950781989258422e-01 nan 6.364617188094683353e-01 1.559487170016548907e+00 nan
nan -2.495192311458970802e-01 nan -4.750267710871045601e-01 nan -3.876224798275140770e-01 nan -7.257561719555760682e-01 nan 1.939867093415461818e+00 nan 5.999705739911110891e-01 nan -1.788900084747585273e-01 -6.811197026814876099e-02 nan -5.661650942835428912e-01 nan -1.007992513494131437e+00 nan nan 3.506492245379407707e-02 1.034934929753373423e+00 nan nan -4.339349704164829347e-01 1.752976680694866285e-02 nan -2.029669825470620803e-01 nan
nan 1.174978236658036135e+00 nan 1.303758054542563105e+00 -3.760212028850063448e-01 nan nan -1.049581120024694059e+00 -6.670606355420319877e-01 nan 6.785514158463070711e-01 nan nan 8.850481641464162663e-02 nan 3.372450555943896089e-01 1.831167312617245357e-01 nan 2.641513401392728277e-01 nan 3.117312779400897571e-01 nan 3.580849783222179727e-01 nan nan 5.630122044511144397e-01 3.957252958144872879e-01 nan 6.151411045959737089e-01 nan
nan 4.767313480333139342e-02 7.417609583358801828e-01 nan nan -4.694923608375268231e-01 -8.605869649836038471e-02 nan -4.051356322576382119e-01 nan 1.111861124695709413e-01 nan 1.807798497117295566e-01 nan nan -7.367329662981808580e-01 nan 2.807220947916346243e-01 -7.027753093475164192e-01 nan nan -9.489277835956363427e-01 8.441217075939911885e-01 nan nan -3.301869043979189233e-01 nan 3.674455324179810578e-01 -4.383620795971674561e-02 nan
8.847664561897669033e-01 nan nan 1.150163078326891686e+00 nan -2.885114975476520960e-01 1.750871253254698834e-01 nan -9.904732174776548215e-01 nan nan 4.405527303670384587e-01 nan -5.935107332238914041e-02 -1.591850619603654426e-01 nan nan 6.268354566196111533e-01 -6.031962142052964548e-01 nan 1.096803562093513484e+00 nan 1.146113356602587174e+00 nan 7.135192986004640359e-01 nan 1.065359478062195109e+00 nan nan -6.151411045959734869e-01
nan 1.380642551706210863e+00 nan 1.338513968059360071e+00 -1.093305899839162043e+00 nan -1.221801763589744239e+00 nan nan -8.670301979060437425e-01 -2.901566787431429373e-01 nan -1.959899604787420091e-01 nan nan 1.751797339050065877e-02 1.658801170170841333e-02 nan nan 1.687021994365534017e+00 nan -2.751294542899063167e-01 nan -1.096803562093513484e+00 8.952950781989258422e-01 nan nan -4.435849933837992531e-01 1.655110438240151804e+00 nan
nan -2.125250506453458810e-01 2.967860378045606984e-01 nan -1.152187868184696207e+00 nan -1.270421527933319528e+00 nan nan 3.975811893114115925e-02 nan 4.480233809749573082e-01 4.906453025248249528e-02 nan 5.811663537251379186e-01 nan 1.683630996996399731e-01 nan -3.660696782556434603e-01 nan 7.363159173761296694e-01 nan 7.712488561909458529e-01 nan nan 2.751294542899061502e-01 1.163183043408560380e+00 nan nan -3.674455324179812243e-01
-1.060117647387027962e+00 nan 6.793054156175667435e-01 nan nan -1.152006670143955525e+00 nan -5.755653579898656336e-01 7.902051933775859904e-01 nan nan 1.338637683198261596e-01 nan 8.029958548738266311e-01 nan 9.782196241248829471e-01 nan 7.924159284395322356e-01 nan 1.060620876546198715e-01 1.293598341034132293e+00 nan 1.293598341034132293e+00 nan nan 6.257658542684729763e-01 3.117312779400897571e-01 nan nan -5.024022233733554943e-01
1.110500409690491352e+00 nan 1.642975428178735431e+00 nan nan -9.049284903210416675e-02 1.054248604961287361e+00 nan -1.288744853052889550e+00 nan nan 5.791745460642273580e-01 3.775842048867383838e-01 nan nan 2.317390356831926790e-01 3.025119064185851081e-01 nan -1.262997620920842112e-01 nan nan -4.435849933837992531e-01 nan -1.673014451089973598e-01 6.045853465832371487e-01 nan -1.230116128350091376e-01 nan 8.071493903015062310e-01 nan
7.396332988917283524e-01 nan nan 6.180493649982199411e-01 nan -1.054637429602570231e+00 nan -1.081175087945643210e+00 3.379599552074754598e-01 nan nan 3.537481266234763777e-01 nan 3.108868944234699505e-01 -5.937196237522551073e-02 nan nan 7.498632330103744970e-01 nan 4.906197572672197915e-01 nan 3.301869043979189233e-01 6.910876044591341971e-01 nan nan -3.506492245379421585e-02 -1.406937432252481635e-01 nan 5.425893294957587765e-01 nan
-5.236863961341242657e-01 nan -1.066911820673057676e+00 nan -4.840225091424336934e-02 nan 1.043630526707895051e-01 nan nan 1.955540921172959745e+00 -1.908794839943096788e-01 nan -4.307150046687074907e-02 nan -1.451598943128449941e-02 nan 1.592718379061465461e-01 nan nan -2.220483302182874041e-01 0.000000000000000000e+00 nan 8.775685507403652164e-02 nan 2.660381989793072499e-01 nan nan -3.301869043979189233e-01 nan -7.135192986004638138e-01
-3.699626204510709782e-01 nan nan -1.939527538614707725e+00 -1.368715601679903804e+00 nan nan -2.390794658561777031e-01 -1.874951618073052773e+00 nan -1.340581834767389235e+00 nan -7.692189484722827819e-01 nan -1.155451190477815970e+00 nan nan -9.746926468488759099e-01 nan -1.479541914957380300e+00 nan -3.209454262394435542e-01 -3.957252958144872879e-01 nan nan -1.812363362860330396e+00 -1.812363362860330396e+00 nan nan -1.080947922492341506e+00
nan -1.461429242607081291e-01 2.059305193982476634e-01 nan 6.991056360992012331e-02 nan -8.277493748212813029e-01 nan -6.816412837117948875e-01 nan nan -3.489620277231689216e-01 nan -6.015191625236195883e-01 -1.393233923422502851e+00 nan nan -2.209119523406172014e+00 -1.282013355506729901e+00 nan 2.029669825470620803e-01 nan 1.495509854213417367e-01 nan 0.000000000000000000e+00 nan nan -1.050025707097074656e+00 -6.257658542684729763e-01 nan
nan -7.996384053688959659e-01 nan 8.366461251518545472e-01 nan -9.663966061083874015e-01 nan -2.169726227379115802e+00 2.363834967357563988e-01 nan nan 2.122148038657983848e-02 nan -1.084654006631295298e+00 nan -2.534397556450064259e-01 nan 5.770787250470489349e-01 nan 1.081057372681439727e-01 nan 1.230116128350091376e-01 -1.851047791744395987e-01 nan 4.243251892305502371e-01 nan -5.324626635416304099e-01 nan -1.318475250370308716e-01 nan
1.744159060341899270e+00 nan 8.558545869495141067e-01 nan nan -2.093634340488373713e+00 nan -2.902640974530577567e-01 nan -8.784110981093357085e-02 2.906264347519183638e-02 nan nan -1.399687067394936424e+00 nan -1.587270574335344575e+00 -2.144187842317838211e+00 nan nan -1.003075571702911839e+00 nan 3.117312779400897571e-01 nan -7.022592801651726946e-01 -7.135192986004638138e-01 nan -1.621571612947527052e+00 nan 1.230116128350091376e-01 nan
nan -1.231763268595290395e+00 nan 3.418995626543648858e-01 -1.808387838253502911e-01 nan 5.152204107224042096e-01 nan 7.264266839630577621e-01 nan -1.377935910623136362e+00 nan -7.835343485409616004e-01 nan nan -4.709258368124300542e-01 nan 1.973407468641291407e-01 nan 1.780506709362428275e-01 -9.627672574310048859e-01 nan nan -1.293598341034132293e+00 1.589763554388957001e+00 nan -5.527719466547457161e-01 nan 5.223903099543205641e-01 nan
-1.065065926101876448e+00 nan nan -1.416005822579637030e+00 -2.334781863822549930e+00 nan nan -1.795474904583421516e+00 nan -1.040021688448701798e-01 1.411964157959414989e-01 nan 5.938261271290169452e-01 nan nan 8.929646929736300143e-01 nan 1.224333375464168316e+00 nan 2.781152121449778636e-01 1.180598555463905797e+00 nan nan 4.532765029124916079e-01 -1.673014451089973598e-01 nan 8.316714753780534153e-01 nan 1.690621629584897700e+00 nan
nan -1.195878392061848483e-01 nan -1.254421837985897070e-01 nan -6.176847515370116337e-01 nan -6.501687593716251046e-01 nan 8.529747337792802364e-01 -3.622935966996347901e-01 nan -9.420720135115469296e-02 nan nan -7.725677889700807155e-01 nan 1.713266403285268469e-01 nan -2.301722242053156620e-01 nan 4.383620795971674561e-02 -2.660381989793072499e-01 nan nan 1.673014451089970822e-01 -6.364617188094684463e-01 nan 7.712488561909458529e-01 nan
nan 3.015791999542889457e-01 nan -2.312893002138371124e+00 -5.613840306721480378e-01 nan -2.745824011856510261e+00 nan 1.656540408043364110e+00 nan nan 7.913568683819330873e-01 nan -5.520468951653165757e-01 1.516719497974472475e-01 nan -7.248067564714913980e-01 nan nan -2.035887923495369733e-01 -3.394566690838198841e-01 nan nan -7.712488561909458529e-01 1.761961311441198608e-01 nan -8.441217075939911885e-01 nan -1.752976680694866285e-02 nan
nan -8.866574639137020375e-01 nan 3.120425381644574836e-01 -4.237871541432269851e-02 nan nan 9.639527065981789988e-02 5.566668320078588250e-01 nan 5.795615759451560045e-01 nan 5.094560159258321175e-01 nan 4.351480429245136450e-01 nan 1.751509822961982293e-02 nan -4.904313864943793400e-02 nan 1.112939845230137337e+00 nan nan 3.862646212327299766e-01 8.316714753780534153e-01 nan nan 9.627672574310048859e-01 5.630122044511144397e-01 nan
-1.177705331558055013e+00 nan 8.875574990225449934e-01 nan nan -1.389043551983198288e+00 nan -1.063662821498998268e+00 nan 9.118994659376434830e-01 nan -3.170047947722944848e-01 -6.693480217106460017e-01 nan nan -1.588077005623880877e+00 -1.254345638629345672e+00 nan nan -1.195959063160187519e+00 -1.621571612947527052e+00 nan nan -1.969017783714125835e+00 -4.826128838172200064e-01 nan nan -1.859635854969836855e+00 6.138957951698115201e-02 nan
1.345529387372794039e+00 nan -3.409871071840059886e-01 nan -7.347389691578510851e-01 nan nan -5.869598864443472674e-01 1.545493064207690503e+00 nan -6.610145995087015613e-01 nan nan -6.384271590614434277e-01 7.782182766574625710e-01 nan nan 3.043996349571743143e-01 nan 1.046881321809069343e+00 -3.394566690838198841e-01 nan nan -7.478585947633021869e-01 1.198379702306924699e+00 nan nan 1.406937432252480247e-01 1.235127068367965819e+00 nan
-4.510137714347227100e-01 nan 1.078027781563319909e+00 nan nan -4.858037676053880705e-01 4.964963475193100439e-01 nan -1.184551879129705498e-01 nan nan -1.136144270541148693e-01 -1.444455037077234882e+00 nan -2.581019029411265597e-01 nan -3.954771235249799344e-01 nan nan -1.201685992019543292e+00 -6.580756673602625728e-01 nan nan -1.065359478062195553e+00 5.123706781141624811e-01 nan nan -1.112939845230137781e+00 -2.751294542899063167e-01 nan
nan 4.329697445495106489e-02 nan 1.381294938362535696e+00 -7.472603173466698667e-01 nan nan -1.105143432773759482e+00 -3.284287308862054444e-01 nan nan 8.154584503628812264e-01 nan -4.073518914840286720e-01 nan -9.239596069949802537e-01 -9.122730146545638963e-01 nan nan -1.378896947601085055e+00 -2.751294542899063167e-01 nan nan -7.135192986004638138e-01 nan -1.080947922492341506e+00 -1.379203017972418177e+00 nan nan -1.235127068367965819e+00
nan -1.356423629800578290e+00 nan -7.477358999174722465e-01 -9.634234612982873758e-01 nan -9.354979239888696618e-01 nan nan 2.717533511987998973e-01 nan -2.500368577020465333e-01 nan -5.304594969489835332e-01 -7.748256345019850500e-01 nan -1.089745737579718599e+00 nan -1.672348892176606316e+00 nan -7.248705188777068154e-01 nan nan -1.129371242748260951e+00 nan -1.559487170016549795e+00 -2.033936066558879041e+00 nan -7.712488561909458529e-01 nan
nan 1.871260265751197860e-01 nan -3.880551863435161009e-01 nan -1.852458388941747192e+00 nan -1.153061736297481543e+00 nan 4.236859140690539816e-01 nan -1.964679625408569386e-01 nan -8.801268172516327759e-01 -7.825126934717271387e-01 nan nan -4.214327141161217649e-01 -8.565265218639060985e-01 nan nan -7.831033338938482302e-01 nan -6.800015230981498737e-01 -9.910148652273707004e-01 nan nan -1.530576368504343199e+00 nan -9.767936332674819200e-01
9.033695741165610471e-01 nan nan 2.388076315072986122e-01 nan 1.204172528712394857e-01 nan -2.425773984466227801e-02 nan 2.419948770559825213e-01 -2.410544656005527919e+00 nan nan -1.823056309297284239e+00 nan -2.203991631137824037e+00 -1.348420412454619521e+00 nan -5.571768796428200332e-01 nan nan -3.580849783222180838e-01 -7.248705188777068154e-01 nan nan -1.589763554388956557e+00 -1.969017783714125835e+00 nan nan -7.363159173761294474e-01
1.965988565532607479e+00 nan nan -9.621652806142678704e-01 4.719237836618373622e-02 nan 7.305562186993609375e-01 nan 9.316366790133220332e-01 nan nan -1.109080220834340047e-01 3.559872876668491726e-01 nan -5.748682802992826080e-01 nan nan -2.193218282676059061e-01 -5.733777468034000346e-01 nan nan -2.751294542899063167e-01 nan 2.660381989793072499e-01 nan 2.569688793800856685e-01 nan 1.129371242748260951e+00 nan -4.435849933837992531e-01
nan -1.987435482745416801e-02 6.130888719713225576e-01 nan -6.746939450392953619e-01 nan nan -6.783841527175680230e-01 -1.090880469749514470e+00 nan nan 1.262522592626715290e-01 -1.787143339122766184e-01 nan nan -1.495757023348060821e+00 nan 2.815533246028888992e-01 nan -1.397451469183647932e+00 nan 4.052215234818360989e-01 2.298841175792321889e-01 nan nan -1.163183043408560380e+00 -1.235127068367965819e+00 nan -4.435849933837992531e-01 nan
-4.159917352163884918e-01 nan 5.993459238372750297e-02 nan -2.466003234527247290e-01 nan -9.071938417236583008e-02 nan nan -1.151211862341517289e+00 -1.427244440093110356e+00 nan -1.130049340727190099e+00 nan nan -1.071986940123558663e+00 -1.030755648463339558e+00 nan -7.437841835468030904e-01 nan -7.712488561909458529e-01 nan nan -1.216548036528596111e+00 8.775685507403652164e-02 nan nan -1.335177736118936975e+00 6.045853465832371487e-01 nan
-1.996953241680168301e+00 nan 4.785054249285551620e-02 nan -1.712999013351154676e-01 nan -2.238207388610977233e+00 nan nan 4.467434434528443910e-01 nan 6.070991053595865550e-01 2.230369269236707197e-01 nan 7.970341387491958196e-01 nan nan 6.593616561600197379e-01 nan -2.889305885258866002e+00 1.235127068367965819e+00 nan 1.163183043408560380e+00 nan nan -2.029669825470620803e-01 nan 6.910876044591341971e-01 nan -9.352677138525609113e-01
-3.904201497307564772e-02 nan nan 1.077259415883231153e+00 -1.436719254896921538e-01 nan nan -3.771023461333365967e-01 nan 4.501487988093772485e-01 -2.326930529635655998e-01 nan nan -1.281382509080105425e+00 -8.029832345931771712e-03 nan nan 6.768139321108617157e-01 5.018058965881294631e-02 nan nan 3.301869043979189233e-01 nan -4.435849933837992531e-01 1.050025707097074656e+00 nan nan 4.147544353928827032e-01 8.567041818744334236e-01 nan
1.061763055704512348e+00 nan -8.594814099323687673e-01 nan -2.570473798678857280e-01 nan -5.545456216871823552e-01 nan nan 7.514175142193199042e-01 nan -2.409298630907731886e-01 -8.172802200667667050e-01 nan -6.561720753666845374e-01 nan nan -1.635363289043316737e+00 nan -5.748872808829798009e-01 nan -1.495509854213418754e-01 nan -7.950688960168040831e-01 nan -1.768825038518706538e+00 -2.197678454649641733e+00 nan nan -1.559487170016549795e+00
nan -4.997034608121958543e-01 nan 6.226571231138465778e-01 -2.609841936259157946e-01 nan nan -1.172945992660368919e+00 nan -7.922339545235953517e-01 -1.655965505785941927e+00 nan -1.792771964405801999e+00 nan nan -1.409214942296230566e+00 nan -2.491887164651417130e+00 nan -2.424211441074986539e-01 -1.502891082844231008e+00 nan -1.559487170016549795e+00 nan nan -1.476312053341643171e+00 -1.859635854969836855e+00 nan -2.479206474252085013e-01 nan
nan 4.525511900854231606e-01 8.408233104083115972e-01 nan nan -1.693190994572786323e+00 -7.332522034536053113e-01 nan -8.146873020206072402e-01 nan nan -6.019890540252706979e-01 nan -6.446796505297865965e-01 nan -1.192119038015845955e+00 -1.556159257852821609e+00 nan -2.493549894650480270e-01 nan -1.112939845230137781e+00 nan -9.910148652273707004e-01 nan nan -9.352677138525609113e-01 nan -1.621571612947527052e+00 2.308361814666641809e+00 nan
nan -1.628812738026572671e-01 nan 1.428710113553879113e+00 nan -2.627284062876055204e-01 -5.509520533822698241e-02 nan nan -1.144490663987273393e+00 nan 8.567989138579529262e-01 nan -1.568988907274185607e+00 nan -1.720695144218592931e+00 -1.373983305881674388e+00 nan -5.366089244063072528e-01 nan nan 1.584199757969934896e-01 nan -1.812363362860330396e+00 1.690621629584897700e+00 nan -1.655110438240151804e+00 nan nan 1.752976680694866285e-02
nan -1.050468074870591906e+00 6.107544371440080111e-01 nan -1.277776985728284131e+00 nan nan -3.848106360811357485e-01 nan 6.881027182388760322e-01 nan 2.606643341940171332e-01 nan -7.745744316602585222e-01 6.709526135052531481e-01 nan nan 6.554724593921700260e-01 -4.038702301677877249e-01 nan 0.000000000000000000e+00 nan 1.851047791744395987e-01 nan nan 1.096803562093513484e+00 nan 5.733118454269983122e-01 7.135192986004640359e-01 nan
nan -5.374387665749902343e-01 nan 6.176788483030777321e-01 1.043904638560521833e-02 nan -1.876860320101764734e-01 nan 7.795829985460821510e-01 nan nan -2.126187653815928336e+00 -7.928014309541919769e-01 nan -1.819696286357150639e+00 nan nan -1.314918027841368797e+00 -6.122223002035360739e-01 nan -1.356861648142503540e+00 nan -1.314104057767477407e+00 nan nan -7.831033338938482302e-01 -1.146113356602587174e+00 nan nan 2.842435068100512274e-01
-1.404374743771805711e+00 nan 1.308399051671365942e+00 nan -8.508888076762205488e-01 nan nan -5.574063244661356942e-01 nan -1.474886896535511013e-02 -5.748040919909445101e-01 nan nan -1.437150470408527614e+00 nan -7.395912874802756942e-01 -4.444112187850458029e-01 nan nan -1.184612879618239384e-01 nan 8.441217075939911885e-01 -3.862646212327299766e-01 nan nan -2.119220701203302359e-01 -4.147544353928827032e-01 nan nan -1.673014451089973598e-01
-3.663241410182824787e-01 nan -1.236882635848528533e+00 nan nan -1.455600186346704683e-01 -1.244902060037447411e+00 nan 2.189199368020468661e+00 nan nan 2.378203431002849644e-01 nan -8.103216940090648412e-01 2.168152379391279083e-01 nan -2.511080601114047961e-01 nan nan -1.773234066010386523e-01 nan 8.694237732888860926e-01 2.388926678491142819e-01 nan nan 2.479206474252083625e-01 -2.479206474252085013e-01 nan 7.248705188777068154e-01 nan
7.000203089591713890e-02 nan nan 6.435844850465157752e-01 -1.405317397512570121e+00 nan nan -5.252230338062837678e-01 -7.836688982874049358e-01 nan -8.909827767299937085e-01 nan -8.958450927935940333e-01 nan nan -1.784537077825612217e+00 nan -2.876841804204930964e-01 -8.368150434740518895e-01 nan nan 1.761961311441198608e-01 -1.293598341034132293e+00 nan nan -1.034934929753373645e+00 nan -1.559487170016549795e+00 nan 1.761961311441198608e-01
nan 1.081384743763528888e+00 1.481905649595391117e-01 nan nan -7.508569092894016306e-01 7.022774746826921932e-01 nan nan 5.737425996102999415e-01 nan 1.110485648038796874e-01 -1.466700290402035423e+00 nan -9.162318243142847374e-01 nan nan -2.555162353833803635e-01 nan -4.787243950893687039e-01 nan -1.851047791744395987e-01 -8.567041818744329795e-01 nan -7.248705188777068154e-01 nan nan -1.379203017972418177e+00 nan -1.335177736118936975e+00
nan 6.093412886328858358e-01 4.184478353801596162e-02 nan nan 1.133377103210812642e+00 nan 1.280928874013513408e+00 -3.189665382485042944e-01 nan -8.808406996679839507e-01 nan nan -6.010239049841229475e-01 1.560128732022048048e-02 nan 1.313886373291870857e+00 nan nan 1.319728820293794236e+00 nan -5.733118454269984232e-01 nan -1.728402520573892431e+00 nan 1.230116128350091376e-01 nan -7.022592801651726946e-01 1.129371242748260951e+00 nan
nan -2.735650254491224675e+00 nan 7.550704597886060965e-01 -5.495073868405006556e-02 nan nan -1.125662710131774435e+00 nan -1.171160252678550062e+00 nan -3.769015643558779050e-01 nan -1.225259096984826712e+00 nan -8.931040071270441860e-01 nan -4.344440709322436867e-01 nan -1.250104939886135913e+00 -4.826128838172200064e-01 nan nan -9.084578685373850826e-01 nan -1.502891082844231008e+00 nan -1.080947922492341506e+00 -5.024022233733554943e-01 nan
-1.087741187311001889e+00 nan -5.529627372985906897e-01 nan nan -3.998611782497886735e-01 nan -9.296125362789399160e-01 nan -1.070864919781623903e-01 1.189975669826365046e+00 nan 4.565124541911630973e-01 nan nan -4.726391498561558491e-01 nan 4.800042943809260665e-01 nan -6.786691801954956027e-01 nan 2.298841175792321889e-01 nan 5.024022233733554943e-01 nan -4.727891209922673865e-01 nan 3.580849783222179727e-01 -5.223903099543204531e-01 nan
nan -7.671974791632417690e-01 nan -8.219500196462022068e-02 4.683252347610464827e-01 nan 3.235367297015240839e-01 nan 1.161892705260762382e+00 nan -1.226747779403894345e+00 nan nan -5.643495121596366904e-01 nan -4.510679662248828770e-01 nan -1.008638508755134611e+00 nan -2.250241472799355824e-01 nan -9.767936332674819200e-01 -1.426076872272847407e+00 nan 2.029669825470620803e-01 nan nan -1.065359478062195553e+00 nan 2.457622404408880357e+00
